f(2)=0.800000
f(2)=0.800000
